0.599
0.627
0.646
0.668
0.672
0.672
0.672
0.665
0.671
0.673
0.673
0.663
0.657
0.658
0.678
0.680
0.682
0.674
0.672
0.676
0.671
0.673
0.671
0.668
0.664
0.665
0.663
0.661
0.668
0.655
0.654
0.661
0.669
0.668
0.668
0.676
0.670
0.669
0.668
0.661
0.668
0.671
0.669
0.666
0.665
0.711
0.709
0.709
0.709
0.707
0.706
0.705
0.707
0.706
0.704
0.706
0.703
0.702
0.707
0.707
0.705
0.709
0.705
0.706
0.707
0.706
0.695
0.673
0.672
0.640
0.643
0.700
0.696
0.688
0.701
0.717
0.717
0.719
0.720
0.718
0.715
0.712
0.715
0.723
0.725
0.724
0.719
0.719
0.720
0.720
0.718
0.714
0.719
0.721
0.721
0.722
0.720
0.720
0.726
0.726
0.730
0.725
0.728
0.734
0.728
0.728
0.731
0.727
0.711
0.727
0.730
0.737
0.730
0.733
0.736
0.739
0.739
0.739
0.740
0.737
0.735
0.734
0.734
0.734
0.734
0.735
0.736
0.740
0.741
0.740
0.744
0.725
0.719
0.730
0.727
0.738
0.745
0.749
0.752
0.751
0.751
0.751
0.751
0.753
0.756
0.754
0.739
0.742
0.747
0.746
0.749
0.748
0.743
0.751
0.747
0.746
0.747
0.753
0.750
0.751
0.757
0.747
0.746
0.746
0.748
0.730
0.722
0.703
0.720
0.735
0.735
0.715
0.709
0.708
0.716
0.678
0.673
0.702
0.708
0.710
0.725
0.731
0.721
0.730
0.733
0.739
0.739
0.756
0.739
0.741
0.712
0.682
0.710
0.737
0.739
0.747
0.743
0.742
0.745
0.752
0.752
0.749
0.732
0.724
0.717
0.722
0.719
0.714
0.721
0.722
0.722
0.724
0.719
0.719
0.719
0.722
0.756
0.757
0.752
0.748
0.748
0.722
0.717
0.711
0.716
0.716
0.718
0.714
0.709
0.707
0.709
0.711
0.712
0.683
0.675
0.676
0.672
0.672
0.676
0.656
0.690
0.698
0.704
0.693
0.706
0.714
0.716
0.712
0.707
0.682
0.707
0.712
0.703
0.700
0.707
0.708
0.687
0.713
0.690
0.710
0.713
0.728
0.725
0.729
0.718
0.710
0.711
0.711
0.714
0.694
0.695
0.715
0.692
0.716
0.719
0.694
0.696
0.694
0.710
0.722
0.694
0.717
0.720
0.724
0.662
0.660
0.662
0.667
0.684
0.708
0.699
0.703
0.705
0.703
0.701
0.702
0.705
0.705
0.705
0.707
0.649
0.634
0.643
0.649
0.652
0.659
0.688
0.709
0.704
0.696
0.693
0.680
0.682
0.697
0.697
0.692
0.692
0.693
0.693
0.696
0.694
0.692
0.696
0.639
0.633
0.669
0.673
0.676
0.688
0.685
0.683
0.686
0.683
0.687
0.680
0.688
0.688
0.688
0.680
0.687
0.689
0.684
0.654
0.643
0.643
0.634
0.643
0.671
0.673
0.669
0.672
0.680
0.674
0.673
0.677
0.662
0.633
0.636
0.643
0.639
0.641
0.662
0.658
0.662
0.670
0.638
0.627
0.628
0.628
0.625
0.632
0.635
0.633
0.651
0.648
0.651
0.688
0.688
0.687
0.695
0.711
0.712
0.708
0.709
0.713
0.710
0.695
0.684
0.667
0.668
0.659
0.600
0.671
0.680
0.680
0.644
0.623
0.650
0.672
0.699
0.698
0.677
0.693
0.690
0.686
0.672
0.593
0.597
0.627
0.633
0.642
0.639
0.644
0.622
0.607
0.613
0.592
0.427
0.606
0.581
0.422
0.130
0.272
0.185
0.245
0.237
0.188
0.264
0.372
0.228
0.047
0.046
0.047
0.053
0.287
0.374
0.356
0.420
0.621
0.450
0.643
0.648
0.657
0.648
0.664
0.645
0.631
0.681
0.652
0.610
0.635
0.651
0.492
0.620
0.582
0.680
0.674
0.685
0.688
0.687
0.686
0.682
0.680
0.681
0.686
0.680
0.682
0.640
0.644
0.651
0.685
0.697
0.693
0.674
0.696
0.697
0.692
0.692
0.688
0.685
0.650
0.627
0.668
0.689
0.694
0.684
0.679
0.636
0.644
0.693
0.692
0.694
0.690
0.664
0.649
0.646
0.658
0.646
0.649
0.672
0.662
0.580
0.496
0.443
0.437
0.491
0.599
0.616
0.666
0.673
0.640
0.641
0.641
0.644
0.694
0.699
0.705
0.711
0.710
0.707
0.717
0.676
0.666
0.666
0.700
0.653
0.670
0.673
0.725
0.732
0.740
0.720
0.725
0.735
0.728
0.733
0.739
0.734
0.730
0.703
0.700
0.696
0.702
0.703
0.703
0.731
0.729
0.734
0.734
0.733
0.733
0.698
0.695
0.695
0.697
0.699
0.702
0.727
0.704
0.733
0.709
0.693
0.729
0.699
0.690
0.687
0.710
0.708
0.707
0.726
0.735
0.746
0.743
0.742
0.719
0.685
0.689
0.672
0.662
0.622
0.551
0.570
0.506
0.548
0.588
0.618
0.620
0.625
0.740
0.727
0.740
0.737
0.734
0.727
0.726
0.729
0.727
0.727
0.722
0.716
0.705
0.706
0.710
0.709
0.707
0.709
0.725
0.728
0.720
0.715
0.714
0.709
0.712
0.698
0.697
0.697
0.711
0.716
0.714
0.712
0.716
0.711
0.712
0.714
0.714
0.710
0.701
0.702
0.701
0.702
0.704
0.702
0.700
0.708
0.705
0.700
0.700
0.702
0.700
0.700
0.701
0.702
0.704
0.701
0.700
0.705
0.715
0.712
0.702
0.700
0.705
0.703
0.703
0.701
0.694
0.696
0.688
0.687
0.687
0.681
0.678
0.682
0.674
0.672
0.675
0.676
0.667
0.666
0.678
0.687
0.687
0.693
0.691
0.690
0.688
0.689
0.699
0.710
0.704
0.707
0.698
0.693
0.685
0.683
0.671
0.664
0.674
0.670
0.679
0.678
0.673
0.668
0.660
0.658
0.665
0.660
0.663
0.675
0.670
0.664
0.670
0.668
0.667
0.623
0.621
0.645
0.639
0.648
0.680
0.659
0.611
0.623
0.656
0.646
0.634
0.646
0.666
0.672
0.675
0.669
0.673
0.675
0.678
0.678
0.678
0.680
0.677
0.672
0.680
0.707
0.716
0.727
0.730
0.735
0.740
0.738
0.736
0.738
0.735
0.735
0.741
0.739
0.740
0.738
0.736
0.737
0.735
0.739
0.739
0.735
0.739
0.734
0.734
0.735
0.738
0.736
0.736
0.735
0.734
0.733
0.733
0.737
0.736
0.736
0.736
0.735
0.733
0.732
0.736
0.735
0.734
0.734
0.737
0.733
0.733
0.646
0.642
0.644
0.647
0.653
0.685
0.687
0.685
0.689
0.692
0.691
0.689
0.693
0.697
0.694
0.693
0.695
0.696
0.698
0.698
0.704
0.707
0.705
0.704
0.701
0.701
0.704
0.697
0.707
0.713
0.703
0.704
0.705
0.704
0.706
0.705
0.702
0.706
0.710
0.715
0.719
0.715
0.712
0.712
0.713
0.704
0.689
0.705
0.707
0.708
0.708
0.712
0.710
0.720
0.724
0.717
0.716
0.716
0.719
0.720
0.718
0.720
0.717
0.706
0.716
0.714
0.715
0.713
0.713
0.715
0.714
0.713
0.711
0.713
0.710
0.710
0.711
0.711
0.715
0.721
0.720
0.719
0.723
0.726
0.736
0.735
0.725
0.712
0.721
0.708
0.722
0.741
0.747
0.748
0.747
0.748
0.750
0.749
0.753
0.755
0.754
0.738
0.742
0.747
0.746
0.749
0.748
0.736
0.751
0.747
0.746
0.747
0.753
0.750
0.751
0.757
0.747
0.746
0.746
0.748
0.693
0.684
0.664
0.677
0.683
0.696
0.665
0.640
0.638
0.693
0.630
0.616
0.622
0.636
0.645
0.705
0.698
0.619
0.675
0.669
0.674
0.691
0.688
0.696
0.698
0.680
0.649
0.661
0.699
0.699
0.698
0.699
0.697
0.706
0.724
0.740
0.742
0.737
0.734
0.734
0.739
0.739
0.737
0.736
0.734
0.736
0.735
0.730
0.729
0.730
0.732
0.735
0.733
0.732
0.732
0.736
0.729
0.724
0.715
0.723
0.726
0.727
0.723
0.718
0.714
0.715
0.711
0.705
0.699
0.693
0.692
0.689
0.681
0.684
0.681
0.698
0.702
0.701
0.687
0.700
0.702
0.705
0.705
0.702
0.668
0.698
0.700
0.699
0.699
0.707
0.708
0.677
0.706
0.671
0.703
0.697
0.665
0.667
0.683
0.715
0.718
0.709
0.711
0.713
0.672
0.673
0.706
0.673
0.711
0.712
0.674
0.674
0.676
0.708
0.705
0.677
0.715
0.711
0.711
0.734
0.737
0.733
0.732
0.729
0.720
0.719
0.722
0.723
0.726
0.728
0.730
0.733
0.728
0.732
0.731
0.753
0.762
0.755
0.754
0.751
0.750
0.738
0.749
0.738
0.722
0.719
0.717
0.720
0.736
0.730
0.724
0.725
0.727
0.724
0.722
0.725
0.725
0.728
0.702
0.703
0.710
0.733
0.731
0.710
0.708
0.708
0.710
0.715
0.712
0.710
0.709
0.710
0.712
0.716
0.713
0.713
0.712
0.693
0.696
0.692
0.687
0.692
0.718
0.721
0.714
0.710
0.709
0.716
0.720
0.722
0.711
0.714
0.713
0.710
0.713
0.710
0.710
0.710
0.709
0.709
0.708
0.707
0.711
0.714
0.715
0.714
0.715
0.713
0.710
0.711
0.710
0.711
0.712
0.713
0.716
0.714
0.711
0.709
0.708
0.694
0.668
0.543
0.591
0.584
0.655
0.663
0.644
0.677
0.682
0.696
0.684
0.692
0.689
0.695
0.706
0.707
0.697
0.707
0.704
0.706
0.708
0.709
0.709
0.708
0.710
0.709
0.709
0.709
0.710
0.711
0.713
0.712
0.713
0.713
0.711
0.710
0.708
0.706
0.707
0.709
0.709
0.706
0.709
0.707
0.707
0.708
0.708
0.709
0.710
0.711
0.711
0.709
0.707
0.708
0.709
0.714
0.714
0.711
0.715
0.711
0.711
0.713
0.713
0.706
0.706
0.712
0.703
0.699
0.703
0.716
0.718
0.715
0.715
0.712
0.712
0.711
0.715
0.716
0.714
0.715
0.713
0.712
0.714
0.713
0.712
0.705
0.705
0.708
0.705
0.706
0.705
0.707
0.706
0.710
0.708
0.706
0.725
0.739
0.735
0.738
0.720
0.724
0.727
0.726
0.726
0.725
0.723
0.726
0.724
0.723
0.697
0.661
0.649
0.632
0.572
0.427
0.417
0.411
0.433
0.500
0.508
0.522
0.535
0.635
0.631
0.541
0.544
0.552
0.552
0.637
0.657
0.659
0.651
0.658
0.651
0.607
0.563
0.532
0.509
0.623
0.456
0.528
0.547
0.618
0.632
0.638
0.599
0.627
0.653
0.662
0.666
0.666
0.669
0.633
0.522
0.518
0.499
0.530
0.533
0.519
0.626
0.629
0.632
0.667
0.668
0.673
0.470
0.460
0.446
0.452
0.442
0.429
0.593
0.527
0.638
0.545
0.424
0.600
0.643
0.524
0.490
0.637
0.631
0.633
0.647
0.628
0.612
0.636
0.636
0.638
0.624
0.637
0.632
0.610
0.560
0.469
0.473
0.433
0.450
0.465
0.463
0.477
0.456
0.650
0.677
0.683
0.688
0.694
0.699
0.699
0.701
0.704
0.701
0.698
0.695
0.697
0.701
0.700
0.701
0.700
0.706
0.725
0.728
0.716
0.715
0.713
0.710
0.706
0.690
0.694
0.697
0.704
0.706
0.706
0.710
0.716
0.714
0.715
0.718
0.719
0.719
0.716
0.712
0.709
0.708
0.710
0.709
0.707
0.710
0.706
0.709
0.708
0.710
0.708
0.705
0.705
0.705
0.706
0.708
0.710
0.717
0.716
0.719
0.716
0.718
0.719
0.723
0.718
0.714
0.706
0.707
0.705
0.707
0.707
0.703
0.704
0.709
0.714
0.714
0.714
0.716
0.717
0.717
0.720
0.721
0.716
0.725
0.725
0.723
0.722
0.720
0.717
0.720
0.719
0.724
0.723
0.718
0.712
0.716
0.712
0.709
0.721
0.722
0.713
0.713
0.717
0.720
0.720
0.720
0.720
0.718
0.731
0.734
0.736
0.733
0.728
0.726
0.729
0.712
0.712
0.725
0.710
0.716
0.738
0.736
0.705
0.710
0.723
0.722
0.722
0.722
0.733
0.736
0.738
0.738
0.733
0.732
0.737
0.737
0.737
0.736
0.734
0.727
0.737
0.737
0.663
0.662
0.657
0.655
0.652
0.650
0.654
0.658
0.656
0.655
0.653
0.660
0.659
0.657
0.649
0.645
0.655
0.652
0.651
0.652
0.650
0.654
0.653
0.655
0.655
0.657
0.660
0.656
0.660
0.664
0.663
0.660
0.658
0.659
0.659
0.661
0.661
0.664
0.661
0.667
0.664
0.661
0.662
0.664
0.666
0.635
0.638
0.640
0.639
0.638
0.634
0.635
0.631
0.641
0.646
0.645
0.645
0.654
0.646
0.644
0.651
0.646
0.647
0.651
0.654
0.636
0.665
0.689
0.690
0.694
0.693
0.675
0.674
0.678
0.681
0.642
0.656
0.654
0.657
0.659
0.664
0.669
0.670
0.666
0.666
0.663
0.664
0.661
0.661
0.661
0.652
0.639
0.653
0.658
0.657
0.654
0.659
0.654
0.655
0.644
0.650
0.655
0.652
0.650
0.653
0.653
0.651
0.654
0.660
0.653
0.650
0.643
0.650
0.612
0.619
0.625
0.628
0.623
0.629
0.629
0.633
0.636
0.636
0.635
0.622
0.601
0.606
0.625
0.638
0.647
0.644
0.643
0.653
0.661
0.656
0.656
0.648
0.646
0.643
0.638
0.638
0.641
0.640
0.638
0.639
0.638
0.640
0.639
0.640
0.640
0.637
0.637
0.638
0.633
0.610
0.612
0.603
0.629
0.633
0.629
0.629
0.610
0.612
0.612
0.615
0.617
0.633
0.627
0.629
0.636
0.623
0.618
0.599
0.600
0.603
0.590
0.589
0.598
0.600
0.601
0.599
0.571
0.611
0.605
0.608
0.610
0.618
0.613
0.625
0.626
0.614
0.630
0.648
0.634
0.630
0.600
0.602
0.599
0.601
0.584
0.580
0.604
0.644
0.652
0.656
0.653
0.653
0.655
0.649
0.650
0.652
0.652
0.657
0.656
0.657
0.654
0.532
0.519
0.547
0.553
0.586
0.616
0.615
0.620
0.629
0.642
0.643
0.645
0.645
0.637
0.639
0.634
0.630
0.610
0.621
0.618
0.633
0.636
0.635
0.654
0.636
0.641
0.651
0.663
0.643
0.631
0.636
0.637
0.635
0.648
0.615
0.608
0.637
0.647
0.642
0.640
0.645
0.617
0.638
0.624
0.624
0.595
0.603
0.602
0.614
0.633
0.630
0.629
0.627
0.636
0.642
0.626
0.643
0.627
0.625
0.642
0.640
0.645
0.631
0.622
0.645
0.628
0.626
0.623
0.658
0.662
0.663
0.661
0.654
0.641
0.650
0.644
0.641
0.643
0.643
0.642
0.637
0.636
0.627
0.633
0.675
0.685
0.679
0.677
0.674
0.670
0.655
0.632
0.637
0.632
0.629
0.630
0.630
0.624
0.628
0.634
0.634
0.635
0.636
0.636
0.638
0.636
0.637
0.665
0.657
0.657
0.649
0.643
0.639
0.643
0.646
0.646
0.650
0.652
0.650
0.646
0.648
0.646
0.652
0.650
0.651
0.650
0.664
0.658
0.661
0.660
0.660
0.650
0.651
0.648
0.656
0.655
0.663
0.664
0.666
0.673
0.677
0.683
0.685
0.685
0.687
0.691
0.684
0.687
0.689
0.691
0.692
0.691
0.688
0.687
0.689
0.689
0.689
0.690
0.690
0.689
0.691
0.690
0.691
0.690
0.630
0.560
0.601
0.579
0.522
0.559
0.571
0.630
0.662
0.666
0.668
0.664
0.632
0.645
0.644
0.673
0.685
0.678
0.685
0.672
0.676
0.698
0.683
0.680
0.685
0.691
0.700
0.701
0.702
0.702
0.701
0.702
0.702
0.701
0.703
0.705
0.705
0.707
0.706
0.705
0.704
0.701
0.700
0.702
0.703
0.703
0.702
0.699
0.700
0.700
0.700
0.701
0.702
0.704
0.704
0.704
0.704
0.702
0.703
0.703
0.701
0.701
0.699
0.700
0.699
0.698
0.698
0.697
0.694
0.693
0.694
0.691
0.691
0.693
0.698
0.688
0.689
0.690
0.691
0.692
0.693
0.693
0.693
0.692
0.692
0.691
0.691
0.703
0.702
0.702
0.699
0.690
0.688
0.698
0.688
0.688
0.690
0.688
0.680
0.681
0.694
0.702
0.685
0.690
0.693
0.691
0.692
0.709
0.711
0.691
0.695
0.697
0.696
0.693
0.682
0.640
0.629
0.640
0.638
0.617
0.630
0.629
0.614
0.628
0.641
0.645
0.618
0.618
0.591
0.577
0.601
0.588
0.575
0.549
0.425
0.414
0.410
0.412
0.418
0.420
0.414
0.528
0.532
0.538
0.436
0.515
0.462
0.447
0.407
0.389
0.366
0.387
0.382
0.376
0.402
0.401
0.397
0.410
0.355
0.450
0.462
0.485
0.483
0.478
0.464
0.406
0.404
0.393
0.397
0.407
0.413
0.460
0.457
0.468
0.483
0.465
0.432
0.414
0.420
0.415
0.418
0.417
0.420
0.428
0.542
0.534
0.554
0.561
0.567
0.429
0.432
0.419
0.413
0.416
0.423
0.490
0.530
0.583
0.591
0.609
0.661
0.657
0.631
0.642
0.645
0.624
0.624
0.628
0.503
0.571
0.564
0.574
0.583
0.592
0.555
0.554
0.595
0.532
0.535
0.548
0.584
0.582
0.574
0.580
0.623
0.645
0.621
0.627
0.633
0.646
0.655
0.658
0.655
0.656
0.656
0.667
0.667
0.666
0.667
0.669
0.666
0.671
0.670
0.671
0.669
0.672
0.680
0.677
0.672
0.677
0.682
0.685
0.689
0.674
0.673
0.689
0.689
0.688
0.689
0.688
0.687
0.685
0.680
0.682
0.682
0.676
0.652
0.666
0.676
0.678
0.676
0.679
0.678
0.676
0.680
0.684
0.681
0.679
0.682
0.682
0.679
0.682
0.681
0.681
0.680
0.680
0.688
0.690
0.686
0.679
0.680
0.676
0.680
0.681
0.681
0.679
0.659
0.630
0.648
0.645
0.662
0.673
0.678
0.682
0.689
0.690
0.690
0.693
0.691
0.690
0.690
0.685
0.686
0.689
0.688
0.686
0.679
0.674
0.673
0.682
0.684
0.684
0.686
0.692
0.689
0.686
0.675
0.679
0.662
0.674
0.694
0.693
0.681
0.676
0.675
0.673
0.677
0.676
0.671
0.679
0.680
0.680
0.678
0.678
0.682
0.683
0.685
0.688
0.686
0.652
0.660
0.634
0.628
0.619
0.611
0.613
0.618
0.618
0.619
0.616
0.612
0.625
0.624
0.625
0.613
0.602
0.620
0.617
0.616
0.617
0.615
0.621
0.633
0.641
0.637
0.636
0.633
0.632
0.637
0.643
0.642
0.638
0.636
0.637
0.635
0.637
0.634
0.640
0.643
0.640
0.639
0.637
0.640
0.638
0.638
0.687
0.688
0.687
0.685
0.683
0.678
0.676
0.677
0.675
0.674
0.676
0.676
0.674
0.671
0.669
0.669
0.671
0.668
0.669
0.664
0.661
0.618
0.637
0.642
0.653
0.652
0.664
0.672
0.660
0.663
0.655
0.670
0.669
0.674
0.674
0.677
0.680
0.684
0.683
0.679
0.674
0.673
0.677
0.678
0.677
0.681
0.690
0.681
0.681
0.678
0.672
0.675
0.672
0.664
0.658
0.673
0.675
0.674
0.672
0.672
0.674
0.676
0.678
0.676
0.677
0.680
0.682
0.682
0.675
0.667
0.669
0.669
0.671
0.669
0.668
0.668
0.669
0.670
0.668
0.655
0.642
0.648
0.660
0.661
0.655
0.657
0.643
0.670
0.674
0.683
0.672
0.648
0.641
0.642
0.642
0.642
0.642
0.641
0.638
0.637
0.637
0.653
0.640
0.637
0.636
0.633
0.630
0.643
0.632
0.613
0.612
0.597
0.560
0.565
0.561
0.574
0.591
0.593
0.598
0.606
0.482
0.470
0.466
0.484
0.513
0.458
0.459
0.480
0.490
0.505
0.459
0.466
0.494
0.507
0.500
0.517
0.558
0.575
0.608
0.620
0.627
0.635
0.654
0.651
0.653
0.648
0.673
0.687
0.662
0.656
0.629
0.636
0.639
0.639
0.621
0.606
0.624
0.662
0.669
0.667
0.676
0.675
0.678
0.675
0.669
0.670
0.675
0.671
0.670
0.670
0.668
0.670
0.667
0.664
0.659
0.652
0.648
0.656
0.666
0.657
0.663
0.668
0.674
0.679
0.674
0.677
0.680
0.675
0.653
0.652
0.651
0.659
0.672
0.675
0.690
0.674
0.674
0.678
0.683
0.675
0.684
0.689
0.688
0.687
0.695
0.676
0.677
0.685
0.687
0.687
0.688
0.692
0.677
0.690
0.684
0.684
0.692
0.694
0.691
0.678
0.684
0.683
0.681
0.682
0.689
0.695
0.687
0.696
0.689
0.688
0.696
0.696
0.695
0.689
0.690
0.697
0.688
0.691
0.693
0.666
0.666
0.669
0.670
0.677
0.690
0.683
0.688
0.687
0.685
0.685
0.683
0.682
0.684
0.677
0.685
0.663
0.655
0.660
0.663
0.667
0.671
0.684
0.673
0.679
0.672
0.663
0.666
0.666
0.655
0.667
0.672
0.672
0.673
0.674
0.676
0.677
0.676
0.677
0.652
0.646
0.662
0.660
0.660
0.690
0.688
0.687
0.688
0.684
0.686
0.686
0.687
0.686
0.686
0.680
0.683
0.686
0.684
0.691
0.686
0.689
0.687
0.692
0.683
0.681
0.680
0.688
0.686
0.684
0.687
0.684
0.676
0.671
0.669
0.666
0.664
0.663
0.658
0.672
0.674
0.683
0.680
0.679
0.682
0.682
0.683
0.679
0.681
0.681
0.683
0.684
0.682
0.693
0.692
0.693
0.694
0.691
0.692
0.669
0.675
0.664
0.647
0.671
0.679
0.698
0.692
0.689
0.671
0.643
0.650
0.664
0.679
0.677
0.678
0.688
0.689
0.689
0.701
0.694
0.690
0.688
0.678
0.657
0.660
0.667
0.666
0.667
0.664
0.664
0.665
0.650
0.656
0.658
0.596
0.623
0.644
0.637
0.624
0.623
0.617
0.623
0.621
0.621
0.635
0.630
0.626
0.631
0.632
0.624
0.637
0.645
0.645
0.651
0.655
0.667
0.603
0.626
0.621
0.636
0.630
0.633
0.607
0.600
0.641
0.627
0.617
0.624
0.636
0.577
0.632
0.629
0.654
0.660
0.664
0.668
0.670
0.671
0.674
0.673
0.676
0.675
0.677
0.676
0.664
0.659
0.665
0.671
0.676
0.669
0.661
0.674
0.674
0.676
0.675
0.666
0.660
0.630
0.652
0.671
0.678
0.680
0.652
0.651
0.633
0.643
0.677
0.672
0.675
0.668
0.630
0.595
0.584
0.628
0.638
0.645
0.651
0.682
0.664
0.655
0.650
0.651
0.657
0.665
0.663
0.658
0.655
0.668
0.661
0.656
0.650
0.648
0.648
0.649
0.661
0.667
0.666
0.681
0.686
0.678
0.677
0.667
0.666
0.660
0.653
0.655
0.655
0.656
0.668
0.660
0.651
0.653
0.658
0.657
0.662
0.630
0.584
0.597
0.598
0.575
0.555
0.552
0.619
0.620
0.612
0.602
0.617
0.627
0.538
0.535
0.550
0.547
0.547
0.565
0.634
0.668
0.664
0.668
0.657
0.644
0.666
0.649
0.638
0.522
0.522
0.524
0.637
0.626
0.629
0.630
0.634
0.527
0.513
0.535
0.552
0.625
0.653
0.699
0.699
0.694
0.698
0.705
0.708
0.706
0.708
0.674
0.636
0.634
0.635
0.633
0.628
0.655
0.656
0.630
0.657
0.656
0.655
0.663
0.662
0.660
0.662
0.642
0.635
0.574
0.566
0.541
0.536
0.555
0.554
0.560
0.606
0.595
0.600
0.594
0.592
0.590
0.619
0.632
0.629
0.627
0.623
0.616
0.601
0.572
0.593
0.618
0.620
0.623
0.625
0.629
0.627
0.630
0.625
0.624
0.624
0.606
0.624
0.619
0.625
0.616
0.619
0.612
0.608
0.613
0.608
0.602
0.594
0.575
0.571
0.582
0.590
0.607
0.617
0.609
0.621
0.626
0.632
0.624
0.628
0.618
0.605
0.607
0.607
0.597
0.596
0.611
0.615
0.620
0.615
0.612
0.616
0.614
0.616
0.614
0.630
0.621
0.623
0.640
0.655
0.644
0.650
0.659
0.653
0.649
0.649
0.657
0.655
0.653
0.649
0.643
0.643
0.646
0.637
0.631
0.640
0.633
0.639
0.644
0.648
0.648
0.665
0.669
0.660
0.615
0.620
0.640
0.652
0.673
0.668
0.653
0.654
0.650
0.650
0.646
0.647
0.646
0.646
0.649
0.652
0.652
0.652
0.655
0.654
0.658
0.659
0.659
0.667
0.676
0.695
0.693
0.681
0.682
0.682
0.680
0.687
0.682
0.680
0.683
0.692
0.690
0.691
0.696
0.703
0.698
0.686
0.683
0.684
0.673
0.675
0.664
0.658
0.663
0.667
0.669
0.663
0.679
0.672
0.679
0.680
0.676
0.675
0.675
0.685
0.680
0.682
0.678
0.689
0.683
0.679
0.683
0.682
0.684
0.609
0.603
0.599
0.604
0.613
0.596
0.619
0.630
0.634
0.637
0.639
0.635
0.642
0.666
0.663
0.671
0.666
0.664
0.663
0.666
0.686
0.688
0.674
0.672
0.641
0.622
0.658
0.595
0.589
0.621
0.623
0.633
0.630
0.620
0.631
0.641
0.650
0.639
0.635
0.648
0.666
0.674
0.679
0.675
0.668
0.677
0.684
0.674
0.673
0.669
0.661
0.656
0.646
0.674
0.695
0.668
0.670
0.674
0.666
0.672
0.665
0.660
0.661
0.671
0.657
0.647
0.629
0.647
0.588
0.617
0.628
0.620
0.610
0.624
0.623
0.629
0.630
0.631
0.620
0.609
0.603
0.604
0.619
0.614
0.585
0.570
0.519
0.584
0.581
0.613
0.597
0.535
0.522
0.502
0.502
0.504
0.511
0.527
0.529
0.519
0.522
0.562
0.516
0.532
0.543
0.536
0.537
0.574
0.531
0.522
0.534
0.581
0.689
0.690
0.686
0.684
0.623
0.619
0.591
0.564
0.528
0.516
0.415
0.468
0.501
0.592
0.689
0.706
0.706
0.732
0.672
0.665
0.697
0.705
0.706
0.740
0.681
0.655
0.640
0.622
0.624
0.620
0.617
0.627
0.640
0.536
0.564
0.658
0.636
0.607
0.597
0.588
0.592
0.600
0.642
0.660
0.656
0.666
0.677
0.683
0.690
0.696
0.704
0.691
0.685
0.684
0.679
0.678
0.682
0.679
0.673
0.473
0.472
0.542
0.582
0.638
0.675
0.694
0.698
0.690
0.694
0.693
0.694
0.705
0.698
0.696
0.699
0.707
0.699
0.706
0.704
0.704
0.707
0.713
0.714
0.710
0.713
0.710
0.709
0.709
0.706
0.707
0.708
0.701
0.719
0.694
0.692
0.695
0.699
0.707
0.706
0.724
0.702
0.725
0.696
0.697
0.664
0.664
0.694
0.726
0.722
0.714
0.713
0.715
0.734
0.735
0.717
0.741
0.718
0.719
0.743
0.741
0.743
0.722
0.716
0.747
0.722
0.721
0.723
0.705
0.700
0.710
0.713
0.716
0.718
0.719
0.723
0.721
0.723
0.722
0.724
0.725
0.721
0.732
0.729
0.709
0.700
0.710
0.713
0.708
0.711
0.723
0.741
0.731
0.726
0.730
0.723
0.728
0.746
0.735
0.728
0.728
0.727
0.728
0.728
0.732
0.732
0.730
0.702
0.703
0.714
0.728
0.726
0.713
0.713
0.712
0.708
0.713
0.716
0.709
0.709
0.711
0.710
0.711
0.712
0.715
0.713
0.732
0.745
0.740
0.734
0.734
0.718
0.714
0.707
0.711
0.705
0.709
0.709
0.711
0.705
0.705
0.704
0.704
0.702
0.700
0.696
0.705
0.708
0.704
0.704
0.702
0.704
0.705
0.706
0.708
0.710
0.707
0.709
0.708
0.709
0.711
0.712
0.713
0.717
0.683
0.621
0.648
0.686
0.552
0.596
0.691
0.701
0.696
0.708
0.707
0.692
0.685
0.692
0.690
0.706
0.705
0.705
0.711
0.705
0.707
0.710
0.705
0.703
0.702
0.700
0.699
0.699
0.701
0.701
0.700
0.700
0.702
0.698
0.702
0.703
0.702
0.708
0.706
0.704
0.702
0.628
0.585
0.599
0.599
0.596
0.617
0.596
0.584
0.611
0.611
0.599
0.597
0.625
0.665
0.684
0.687
0.690
0.702
0.704
0.713
0.710
0.709
0.713
0.711
0.711
0.711
0.713
0.702
0.697
0.703
0.696
0.676
0.666
0.669
0.688
0.684
0.693
0.696
0.694
0.694
0.689
0.687
0.687
0.684
0.675
0.680
0.692
0.693
0.694
0.701
0.700
0.697
0.699
0.697
0.697
0.691
0.686
0.689
0.687
0.694
0.695
0.685
0.687
0.691
0.691
0.688
0.698
0.707
0.691
0.690
0.695
0.694
0.684
0.676
0.626
0.650
0.681
0.689
0.675
0.719
0.690
0.666
0.694
0.702
0.704
0.695
0.704
0.680
0.666
0.699
0.695
0.693
0.676
0.579
0.529
0.415
0.412
0.517
0.504
0.413
0.646
0.650
0.657
0.587
0.661
0.653
0.646
0.413
0.407
0.457
0.468
0.461
0.463
0.465
0.449
0.446
0.444
0.388
0.537
0.540
0.588
0.601
0.616
0.602
0.455
0.451
0.426
0.435
0.438
0.430
0.544
0.513
0.579
0.592
0.579
0.453
0.411
0.628
0.415
0.641
0.666
0.425
0.494
0.690
0.692
0.698
0.700
0.700
0.454
0.432
0.417
0.411
0.414
0.461
0.666
0.670
0.700
0.703
0.728
0.732
0.727
0.691
0.710
0.724
0.706
0.710
0.710
0.562
0.668
0.652
0.649
0.645
0.651
0.548
0.542
0.645
0.436
0.417
0.433
0.550
0.551
0.532
0.545
0.663
0.666
0.602
0.604
0.622
0.647
0.658
0.661
0.650
0.681
0.681
0.681
0.699
0.698
0.695
0.695
0.689
0.691
0.690
0.691
0.689
0.686
0.683
0.685
0.688
0.695
0.694
0.694
0.696
0.679
0.672
0.697
0.698
0.701
0.690
0.696
0.698
0.695
0.700
0.707
0.712
0.713
0.691
0.704
0.709
0.718
0.719
0.723
0.718
0.714
0.708
0.709
0.706
0.707
0.707
0.703
0.704
0.709
0.714
0.714
0.714
0.716
0.717
0.717
0.720
0.721
0.716
0.725
0.725
0.723
0.722
0.720
0.715
0.696
0.708
0.708
0.710
0.710
0.722
0.727
0.725
0.726
0.731
0.731
0.726
0.725
0.725
0.725
0.725
0.729
0.725
0.726
0.731
0.734
0.736
0.733
0.728
0.726
0.729
0.735
0.733
0.735
0.736
0.740
0.738
0.736
0.734
0.733
0.732
0.722
0.721
0.714
0.740
0.736
0.738
0.738
0.733
0.732
0.737
0.737
0.737
0.736
0.734
0.727
0.737
0.700
0.542
0.531
0.543
0.539
0.520
0.522
0.521
0.525
0.514
0.508
0.493
0.526
0.529
0.529
0.525
0.538
0.539
0.515
0.501
0.511
0.494
0.517
0.527
0.536
0.546
0.550
0.559
0.540
0.562
0.552
0.549
0.553
0.552
0.546
0.550
0.565
0.562
0.565
0.559
0.579
0.569
0.565
0.557
0.558
0.569
0.669
0.669
0.670
0.671
0.670
0.644
0.648
0.636
0.636
0.637
0.637
0.626
0.641
0.670
0.668
0.673
0.667
0.669
0.667
0.676
0.672
0.685
0.691
0.690
0.676
0.674
0.682
0.660
0.663
0.680
0.685
0.677
0.675
0.669
0.671
0.673
0.674
0.668
0.665
0.666
0.667
0.673
0.675
0.676
0.673
0.651
0.597
0.654
0.676
0.678
0.683
0.673
0.670
0.685
0.678
0.675
0.675
0.669
0.666
0.667
0.668
0.668
0.670
0.676
0.672
0.663
0.649
0.665
0.639
0.667
0.674
0.678
0.666
0.675
0.672
0.677
0.676
0.677
0.675
0.671
0.678
0.677
0.659
0.677
0.702
0.699
0.702
0.708
0.717
0.684
0.693
0.717
0.718
0.718
0.715
0.716
0.719
0.719
0.720
0.722
0.721
0.697
0.714
0.720
0.721
0.719
0.722
0.703
0.720
0.727
0.729
0.733
0.742
0.740
0.743
0.738
0.726
0.727
0.719
0.717
0.747
0.752
0.752
0.749
0.754
0.750
0.739
0.726
0.724
0.717
0.704
0.704
0.723
0.724
0.725
0.718
0.697
0.721
0.697
0.694
0.695
0.691
0.685
0.680
0.678
0.630
0.631
0.683
0.676
0.687
0.698
0.700
0.697
0.696
0.699
0.698
0.680
0.667
0.669
0.674
0.656
0.650
0.643
0.645
0.658
0.656
0.656
0.665
0.667
0.667
0.663
0.484
0.487
0.530
0.550
0.609
0.650
0.625
0.606
0.643
0.657
0.648
0.636
0.617
0.612
0.617
0.611
0.618
0.636
0.643
0.639
0.639
0.587
0.575
0.418
0.623
0.637
0.654
0.646
0.651
0.604
0.590
0.592
0.587
0.547
0.600
0.584
0.586
0.595
0.595
0.585
0.560
0.593
0.555
0.578
0.590
0.582
0.580
0.592
0.581
0.573
0.584
0.582
0.575
0.557
0.543
0.573
0.540
0.566
0.564
0.539
0.533
0.547
0.573
0.573
0.543
0.563
0.560
0.558
0.556
0.544
0.568
0.573
0.564
0.556
0.562
0.545
0.538
0.543
0.532
0.532
0.530
0.530
0.534
0.542
0.564
0.597
0.587
0.583
0.575
0.571
0.559
0.563
0.555
0.568
0.579
0.561
0.566
0.590
0.574
0.570
0.568
0.563
0.565
0.570
0.565
0.560
0.557
0.583
0.570
0.590
0.586
0.583
0.574
0.576
0.577
0.583
0.591
0.605
0.593
0.593
0.599
0.595
0.598
0.597
0.601
0.586
0.496
0.486
0.505
0.500
0.462
0.544
0.556
0.555
0.569
0.589
0.587
0.586
0.593
0.600
0.579
0.622
0.645
0.650
0.656
0.679
0.630
0.651
0.668
0.654
0.660
0.649
0.639
0.621
0.651
0.643
0.643
0.656
0.646
0.656
0.676
0.676
0.676
0.684
0.563
0.474
0.599
0.652
0.672
0.702
0.704
0.707
0.698
0.698
0.699
0.691
0.687
0.689
0.663
0.675
0.678
0.678
0.694
0.691
0.692
0.695
0.684
0.685
0.686
0.691
0.698
0.699
0.699
0.698
0.699
0.700
0.700
0.696
0.698
0.697
0.691
0.676
0.696
0.686
0.681
0.672
0.679
0.677
0.679
0.680
0.676
0.676
0.684
0.679
0.677
0.677
0.685
0.690
0.696
0.699
0.696
0.697
0.703
0.703
0.705
0.706
0.703
0.706
0.704
0.707
0.706
0.707
0.698
0.696
0.700
0.696
0.695
0.691
0.693
0.696
0.695
0.700
0.702
0.700
0.701
0.699
0.698
0.694
0.698
0.691
0.694
0.703
0.704
0.704
0.703
0.700
0.701
0.704
0.699
0.700
0.696
0.696
0.695
0.697
0.701
0.676
0.628
0.648
0.649
0.696
0.696
0.709
0.701
0.656
0.680
0.682
0.688
0.705
0.710
0.671
0.622
0.634
0.636
0.650
0.561
0.554
0.493
0.473
0.488
0.497
0.420
0.431
0.447
0.467
0.421
0.423
0.431
0.417
0.410
0.410
0.408
0.408
0.410
0.411
0.407
0.409
0.411
0.410
0.411
0.412
0.411
0.404
0.245
0.000
0.000
0.000
0.000
0.005
0.029
0.033
0.044
0.059
0.094
0.345
0.335
0.391
0.414
0.421
0.401
0.346
0.341
0.342
0.348
0.368
0.381
0.405
0.410
0.413
0.416
0.412
0.407
0.406
0.409
0.410
0.412
0.412
0.411
0.413
0.362
0.397
0.412
0.414
0.413
0.405
0.397
0.401
0.400
0.404
0.407
0.413
0.413
0.416
0.412
0.414
0.497
0.485
0.392
0.426
0.450
0.386
0.384
0.394
0.402
0.409
0.409
0.410
0.411
0.408
0.407
0.404
0.410
0.407
0.404
0.406
0.406
0.404
0.405
0.407
0.431
0.619
0.663
0.669
0.688
0.698
0.701
0.701
0.705
0.670
0.667
0.676
0.696
0.691
0.689
0.678
0.662
0.663
0.664
0.671
0.677
0.681
0.680
0.681
0.670
0.680
0.684
0.688
0.692
0.665
0.657
0.693
0.697
0.696
0.704
0.700
0.700
0.694
0.693
0.688
0.687
0.677
0.615
0.657
0.680
0.686
0.693
0.697
0.698
0.692
0.688
0.684
0.678
0.678
0.677
0.671
0.675
0.677
0.670
0.678
0.674
0.673
0.678
0.683
0.679
0.674
0.675
0.667
0.679
0.679
0.680
0.677
0.633
0.520
0.594
0.591
0.636
0.645
0.658
0.663
0.670
0.675
0.668
0.671
0.680
0.680
0.677
0.670
0.670
0.676
0.676
0.678
0.671
0.657
0.662
0.666
0.665
0.665
0.669
0.674
0.673
0.669
0.686
0.686
0.652
0.659
0.674
0.675
0.660
0.634
0.626
0.630
0.656
0.659
0.652
0.655
0.658
0.656
0.651
0.656
0.661
0.664
0.662
0.667
0.656
0.549
0.674
0.712
0.711
0.716
0.722
0.719
0.720
0.720
0.719
0.718
0.724
0.720
0.720
0.722
0.722
0.718
0.726
0.724
0.724
0.723
0.725
0.721
0.715
0.708
0.707
0.709
0.713
0.713
0.714
0.711
0.713
0.713
0.712
0.713
0.714
0.713
0.712
0.715
0.711
0.714
0.713
0.709
0.713
0.712
0.713
0.675
0.677
0.675
0.676
0.684
0.689
0.690
0.692
0.693
0.692
0.691
0.695
0.695
0.693
0.691
0.692
0.693
0.691
0.694
0.691
0.674
0.694
0.705
0.704
0.704
0.706
0.704
0.683
0.686
0.692
0.662
0.679
0.680
0.684
0.680
0.688
0.692
0.694
0.686
0.685
0.683
0.676
0.655
0.653
0.648
0.664
0.690
0.668
0.651
0.649
0.640
0.643
0.634
0.636
0.609
0.624
0.647
0.658
0.662
0.667
0.656
0.642
0.639
0.653
0.636
0.641
0.631
0.638
0.604
0.611
0.611
0.612
0.617
0.623
0.626
0.628
0.632
0.633
0.646
0.653
0.628
0.633
0.659
0.646
0.593
0.600
0.599
0.526
0.502
0.616
0.613
0.552
0.553
0.557
0.548
0.543
0.540
0.540
0.540
0.537
0.543
0.592
0.548
0.542
0.550
0.542
0.539
0.563
0.530
0.494
0.503
0.469
0.268
0.257
0.312
0.363
0.417
0.418
0.423
0.421
0.184
0.089
0.097
0.134
0.219
0.160
0.140
0.148
0.171
0.339
0.345
0.188
0.122
0.283
0.348
0.407
0.418
0.418
0.442
0.507
0.549
0.580
0.566
0.597
0.610
0.561
0.541
0.573
0.616
0.585
0.545
0.515
0.521
0.534
0.446
0.450
0.593
0.620
0.613
0.617
0.652
0.663
0.676
0.659
0.643
0.651
0.647
0.648
0.649
0.644
0.652
0.567
0.549
0.577
0.574
0.590
0.617
0.650
0.671
0.649
0.650
0.659
0.666
0.684
0.675
0.673
0.676
0.674
0.695
0.704
0.707
0.707
0.707
0.713
0.716
0.705
0.709
0.704
0.709
0.702
0.694
0.697
0.697
0.688
0.723
0.680
0.679
0.692
0.694
0.699
0.699
0.726
0.686
0.719
0.687
0.686
0.661
0.664
0.659
0.663
0.682
0.684
0.683
0.685
0.717
0.720
0.685
0.724
0.688
0.690
0.726
0.725
0.728
0.689
0.685
0.730
0.693
0.688
0.689
0.726
0.728
0.725
0.722
0.716
0.701
0.704
0.702
0.702
0.704
0.703
0.707
0.710
0.701
0.683
0.694
0.738
0.739
0.737
0.737
0.733
0.730
0.719
0.682
0.697
0.671
0.655
0.650
0.649
0.622
0.652
0.667
0.670
0.678
0.680
0.679
0.688
0.684
0.685
0.699
0.694
0.686
0.687
0.685
0.633
0.638
0.643
0.633
0.644
0.639
0.632
0.627
0.631
0.628
0.646
0.646
0.645
0.651
0.709
0.696
0.693
0.689
0.699
0.657
0.653
0.639
0.646
0.640
0.652
0.656
0.663
0.673
0.685
0.680
0.677
0.663
0.661
0.651
0.690
0.690
0.664
0.674
0.677
0.664
0.666
0.674
0.665
0.671
0.679
0.687
0.683
0.680
0.694
0.696
0.695
0.693
0.656
0.616
0.534
0.609
0.501
0.567
0.613
0.566
0.484
0.447
0.437
0.378
0.460
0.613
0.617
0.646
0.666
0.655
0.644
0.624
0.643
0.663
0.640
0.627
0.644
0.662
0.692
0.693
0.698
0.699
0.698
0.697
0.700
0.697
0.702
0.705
0.707
0.713
0.713
0.709
0.707
0.686
0.680
0.679
0.678
0.679
0.682
0.679
0.679
0.679
0.676
0.676
0.661
0.659
0.670
0.682
0.688
0.690
0.698
0.691
0.664
0.639
0.661
0.647
0.657
0.596
0.541
0.623
0.579
0.545
0.582
0.568
0.670
0.669
0.666
0.634
0.637
0.646
0.651
0.649
0.658
0.662
0.667
0.675
0.667
0.673
0.665
0.693
0.695
0.694
0.702
0.690
0.679
0.694
0.688
0.687
0.680
0.677
0.688
0.682
0.703
0.725
0.739
0.735
0.738
0.690
0.688
0.709
0.721
0.725
0.713
0.716
0.709
0.661
0.628
0.557
0.540
0.550
0.536
0.466
0.636
0.608
0.552
0.574
0.615
0.630
0.614
0.634
0.553
0.495
0.619
0.602
0.586
0.563
0.424
0.412
0.409
0.412
0.416
0.414
0.493
0.628
0.613
0.610
0.422
0.539
0.538
0.526
0.380
0.380
0.288
0.244
0.272
0.312
0.363
0.377
0.367
0.381
0.223
0.106
0.115
0.173
0.221
0.259
0.323
0.389
0.392
0.401
0.500
0.617
0.634
0.437
0.435
0.443
0.465
0.450
0.423
0.560
0.703
0.657
0.713
0.687
0.660
0.696
0.719
0.725
0.738
0.741
0.740
0.698
0.690
0.682
0.677
0.680
0.733
0.741
0.745
0.749
0.748
0.745
0.691
0.692
0.665
0.679
0.689
0.677
0.684
0.696
0.719
0.745
0.740
0.731
0.724
0.719
0.689
0.693
0.718
0.688
0.680
0.678
0.688
0.690
0.690
0.692
0.704
0.701
0.682
0.671
0.647
0.650
0.656
0.660
0.655
0.693
0.697
0.693
0.696
0.698
0.696
0.705
0.712
0.709
0.709
0.709
0.706
0.708
0.710
0.706
0.706
0.706
0.708
0.707
0.706
0.707
0.705
0.707
0.706
0.709
0.698
0.702
0.701
0.704
0.704
0.709
0.709
0.713
0.711
0.712
0.706
0.707
0.705
0.712
0.709
0.714
0.708
0.709
0.706
0.698
0.700
0.700
0.702
0.706
0.704
0.700
0.702
0.701
0.708
0.711
0.710
0.708
0.705
0.707
0.707
0.705
0.702
0.704
0.699
0.686
0.697
0.693
0.679
0.691
0.689
0.690
0.694
0.690
0.702
0.706
0.701
0.701
0.702
0.702
0.704
0.706
0.707
0.699
0.690
0.695
0.687
0.703
0.709
0.708
0.711
0.687
0.674
0.684
0.622
0.642
0.665
0.671
0.679
0.688
0.702
0.717
0.715
0.711
0.703
0.706
0.701
0.709
0.711
0.710
0.709
0.705
0.709
0.710
0.711
0.712
0.717
0.698
0.693
0.700
0.696
0.696
0.697
0.696
0.699
0.701
0.699
0.699
0.700
0.703
0.702
0.699
0.693
0.685
0.698
0.697
0.696
0.697
0.698
0.698
0.696
0.695
0.692
0.693
0.694
0.694
0.696
0.698
0.698
0.696
0.694
0.695
0.695
0.698
0.696
0.698
0.696
0.695
0.696
0.695
0.697
0.696
0.696
0.710
0.708
0.707
0.706
0.705
0.704
0.705
0.707
0.705
0.704
0.706
0.704
0.704
0.705
0.704
0.704
0.705
0.704
0.703
0.704
0.694
0.697
0.704
0.704
0.704
0.706
0.704
0.708
0.721
0.727
0.711
0.720
0.721
0.730
0.727
0.723
0.719
0.725
0.738
0.740
0.735
0.724
0.721
0.722
0.723
0.723
0.728
0.728
0.721
0.720
0.717
0.725
0.722
0.721
0.713
0.724
0.722
0.724
0.727
0.724
0.725
0.726
0.725
0.710
0.723
0.727
0.727
0.729
0.713
0.710
0.712
0.714
0.716
0.715
0.716
0.716
0.718
0.717
0.719
0.716
0.702
0.707
0.723
0.726
0.728
0.729
0.700
0.697
0.717
0.728
0.728
0.718
0.718
0.719
0.717
0.718
0.720
0.719
0.715
0.718
0.716
0.730
0.715
0.715
0.715
0.712
0.711
0.727
0.710
0.680
0.681
0.663
0.647
0.652
0.650
0.652
0.669
0.670
0.673
0.682
0.665
0.669
0.660
0.670
0.685
0.653
0.673
0.669
0.670
0.654
0.650
0.654
0.672
0.674
0.672
0.653
0.680
0.702
0.709
0.718
0.723
0.725
0.726
0.729
0.730
0.720
0.723
0.735
0.734
0.729
0.704
0.700
0.699
0.699
0.683
0.675
0.700
0.726
0.728
0.724
0.726
0.728
0.727
0.726
0.727
0.730
0.732
0.727
0.726
0.727
0.727
0.709
0.703
0.700
0.691
0.691
0.692
0.701
0.709
0.707
0.714
0.719
0.722
0.726
0.720
0.720
0.721
0.720
0.622
0.599
0.597
0.621
0.664
0.670
0.698
0.678
0.685
0.700
0.701
0.699
0.722
0.732
0.733
0.726
0.733
0.708
0.711
0.720
0.721
0.730
0.729
0.725
0.715
0.723
0.724
0.726
0.728
0.733
0.728
0.719
0.731
0.728
0.726
0.729
0.727
0.735
0.733
0.736
0.734
0.735
0.737
0.737
0.737
0.736
0.736
0.741
0.737
0.734
0.738
0.748
0.749
0.747
0.744
0.744
0.739
0.727
0.737
0.736
0.737
0.737
0.738
0.740
0.737
0.726
0.737
0.750
0.753
0.751
0.751
0.749
0.749
0.742
0.724
0.731
0.728
0.725
0.724
0.721
0.711
0.725
0.729
0.730
0.730
0.729
0.728
0.730
0.732
0.731
0.677
0.668
0.704
0.730
0.731
0.726
0.721
0.719
0.720
0.724
0.720
0.719
0.718
0.718
0.720
0.720
0.719
0.722
0.718
0.722
0.719
0.720
0.718
0.723
0.718
0.717
0.715
0.721
0.722
0.725
0.723
0.722
0.704
0.689
0.689
0.689
0.688
0.689
0.690
0.694
0.694
0.704
0.696
0.695
0.695
0.689
0.689
0.690
0.694
0.694
0.695
0.696
0.691
0.703
0.702
0.703
0.707
0.697
0.690
0.669
0.659
0.652
0.657
0.657
0.656
0.688
0.681
0.682
0.657
0.633
0.660
0.681
0.690
0.697
0.693
0.699
0.693
0.695
0.709
0.702
0.698
0.699
0.701
0.702
0.703
0.705
0.705
0.705
0.705
0.705
0.704
0.706
0.708
0.707
0.704
0.709
0.708
0.699
0.699
0.699
0.700
0.701
0.701
0.700
0.699
0.700
0.698
0.698
0.699
0.700
0.702
0.702
0.703
0.703
0.701
0.705
0.700
0.695
0.695
0.695
0.695
0.695
0.692
0.691
0.695
0.687
0.683
0.687
0.685
0.668
0.695
0.701
0.703
0.701
0.704
0.703
0.703
0.703
0.706
0.706
0.705
0.706
0.704
0.703
0.707
0.706
0.706
0.702
0.700
0.698
0.700
0.697
0.699
0.702
0.702
0.685
0.675
0.683
0.696
0.700
0.712
0.717
0.712
0.715
0.719
0.720
0.715
0.719
0.720
0.718
0.716
0.707
0.702
0.710
0.708
0.709
0.713
0.712
0.711
0.702
0.701
0.705
0.708
0.709
0.710
0.707
0.706
0.710
0.699
0.691
0.688
0.684
0.682
0.680
0.688
0.706
0.711
0.710
0.721
0.720
0.719
0.717
0.714
0.700
0.691
0.691
0.698
0.689
0.688
0.688
0.689
0.697
0.705
0.706
0.711
0.691
0.694
0.698
0.700
0.700
0.699
0.699
0.705
0.703
0.708
0.715
0.718
0.719
0.717
0.720
0.721
0.722
0.723
0.721
0.724
0.727
0.726
0.730
0.729
0.726
0.704
0.728
0.733
0.733
0.734
0.733
0.724
0.731
0.734
0.731
0.731
0.734
0.734
0.735
0.737
0.738
0.745
0.747
0.744
0.738
0.745
0.751
0.746
0.740
0.746
0.744
0.745
0.740
0.737
0.734
0.727
0.720
0.723
0.727
0.722
0.717
0.711
0.705
0.706
0.709
0.708
0.707
0.708
0.701
0.704
0.701
0.700
0.702
0.699
0.704
0.700
0.700
0.701
0.713
0.722
0.721
0.715
0.720
0.715
0.715
0.718
0.716
0.714
0.713
0.709
0.708
0.709
0.712
0.710
0.708
0.712
0.708
0.711
0.710
0.713
0.703
0.706
0.707
0.709
0.711
0.713
0.711
0.714
0.713
0.712
0.707
0.705
0.703
0.702
0.700
0.699
0.699
0.704
0.699
0.696
0.698
0.693
0.690
0.693
0.692
0.690
0.690
0.692
0.693
0.696
0.696
0.694
0.696
0.696
0.696
0.695
0.693
0.692
0.689
0.687
0.689
0.688
0.690
0.691
0.691
0.694
0.694
0.694
0.696
0.697
0.697
0.697
0.691
0.677
0.671
0.674
0.675
0.670
0.662
0.662
0.660
0.666
0.671
0.671
0.672
0.669
0.666
0.666
0.649
0.654
0.658
0.660
0.667
0.669
0.649
0.627
0.619
0.622
0.635
0.643
0.638
0.654
0.659
0.661
0.660
0.663
0.669
0.674
0.678
0.680
0.681
0.677
0.739
0.736
0.738
0.735
0.740
0.738
0.736
0.738
0.735
0.735
0.741
0.739
0.740
0.738
0.736
0.737
0.735
0.739
0.739
0.735
0.739
0.734
0.734
0.735
0.738
0.736
0.736
0.735
0.734
0.733
0.733
0.737
0.736
0.736
0.736
0.735
0.733
0.732
0.736
0.735
0.734
0.734
0.737
0.733
0.733
0.711
0.709
0.709
0.709
0.707
0.706
0.705
0.707
0.706
0.706
0.707
0.706
0.705
0.707
0.707
0.705
0.709
0.705
0.706
0.708
0.706
0.707
0.705
0.704
0.704
0.706
0.704
0.708
0.721
0.727
0.703
0.724
0.725
0.730
0.727
0.723
0.719
0.725
0.738
0.740
0.735
0.726
0.726
0.726
0.728
0.725
0.728
0.728
0.725
0.725
0.726
0.731
0.731
0.731
0.731
0.737
0.732
0.732
0.736
0.733
0.734
0.737
0.735
0.714
0.734
0.736
0.737
0.738
0.733
0.726
0.729
0.726
0.728
0.726
0.728
0.735
0.734
0.734
0.734
0.734
0.705
0.712
0.740
0.741
0.740
0.744
0.725
0.736
0.739
0.738
0.738
0.745
0.749
0.752
0.751
0.751
0.751
0.751
0.753
0.756
0.754
0.739
0.742
0.747
0.746
0.749
0.748
0.743
0.751
0.735
0.732
0.745
0.753
0.750
0.751
0.757
0.747
0.746
0.746
0.748
0.737
0.734
0.732
0.737
0.740
0.749
0.735
0.734
0.734
0.747
0.738
0.730
0.735
0.742
0.741
0.755
0.750
0.728
0.753
0.741
0.743
0.754
0.756
0.754
0.753
0.753
0.753
0.758
0.756
0.755
0.705
0.703
0.701
0.704
0.728
0.736
0.734
0.758
0.760
0.759
0.760
0.761
0.759
0.759
0.760
0.762
0.764
0.755
0.754
0.754
0.755
0.738
0.731
0.729
0.727
0.730
0.721
0.728
0.731
0.734
0.749
0.753
0.750
0.753
0.752
0.750
0.752
0.753
0.709
0.697
0.694
0.695
0.700
0.713
0.716
0.714
0.713
0.712
0.706
0.712
0.746
0.754
0.757
0.754
0.731
0.719
0.725
0.742
0.737
0.754
0.755
0.715
0.732
0.716
0.758
0.755
0.756
0.757
0.755
0.757
0.762
0.761
0.759
0.764
0.736
0.762
0.765
0.755
0.766
0.768
0.759
0.758
0.757
0.769
0.768
0.769
0.771
0.767
0.773
0.772
0.770
0.771
0.769
0.769
0.767
0.749
0.765
0.763
0.768
0.769
0.771
0.776
0.773
0.769
0.778
0.775
0.776
0.775
0.775
0.774
0.775
0.770
0.772
0.770
0.769
0.770
0.772
0.770
0.771
0.776
0.773
0.774
0.774
0.769
0.767
0.771
0.774
0.771
0.702
0.703
0.723
0.769
0.773
0.768
0.757
0.752
0.752
0.757
0.750
0.750
0.751
0.750
0.756
0.752
0.748
0.751
0.747
0.746
0.753
0.752
0.750
0.753
0.752
0.749
0.748
0.748
0.748
0.748
0.747
0.746
0.715
0.714
0.713
0.710
0.713
0.710
0.710
0.710
0.709
0.710
0.708
0.707
0.712
0.714
0.715
0.714
0.715
0.713
0.710
0.711
0.710
0.712
0.712
0.714
0.720
0.715
0.708
0.550
0.586
0.535
0.443
0.358
0.401
0.607
0.668
0.690
0.625
0.508
0.489
0.690
0.678
0.697
0.692
0.703
0.710
0.710
0.711
0.709
0.709
0.709
0.709
0.707
0.708
0.708
0.710
0.708
0.709
0.709
0.710
0.709
0.713
0.711
0.712
0.711
0.710
0.709
0.706
0.705
0.706
0.708
0.707
0.706
0.708
0.706
0.704
0.705
0.705
0.706
0.709
0.708
0.707
0.707
0.705
0.707
0.708
0.714
0.714
0.711
0.715
0.711
0.711
0.713
0.713
0.706
0.706
0.712
0.703
0.699
0.703
0.716
0.718
0.715
0.715
0.712
0.712
0.711
0.715
0.716
0.714
0.715
0.713
0.712
0.714
0.709
0.712
0.705
0.705
0.708
0.705
0.706
0.705
0.707
0.706
0.710
0.708
0.706
0.725
0.739
0.735
0.738
0.720
0.724
0.727
0.726
0.726
0.725
0.723
0.726
0.729
0.723
0.727
0.730
0.730
0.731
0.734
0.715
0.714
0.718
0.719
0.722
0.720
0.726
0.721
0.735
0.735
0.724
0.707
0.696
0.703
0.725
0.713
0.712
0.706
0.732
0.734
0.727
0.734
0.740
0.738
0.738
0.740
0.725
0.719
0.722
0.727
0.733
0.726
0.735
0.737
0.737
0.739
0.744
0.743
0.729
0.730
0.737
0.737
0.736
0.736
0.736
0.736
0.734
0.734
0.734
0.733
0.733
0.723
0.726
0.725
0.722
0.724
0.722
0.726
0.721
0.728
0.718
0.731
0.716
0.710
0.709
0.703
0.694
0.692
0.694
0.709
0.711
0.714
0.720
0.720
0.697
0.705
0.711
0.699
0.713
0.708
0.715
0.711
0.695
0.708
0.713
0.712
0.706
0.695
0.707
0.707
0.712
0.715
0.717
0.716
0.726
0.729
0.721
0.727
0.722
0.716
0.705
0.706
0.710
0.709
0.707
0.709
0.719
0.728
0.719
0.720
0.719
0.715
0.712
0.704
0.708
0.704
0.712
0.719
0.719
0.717
0.721
0.717
0.718
0.721
0.721
0.719
0.716
0.712
0.711
0.706
0.711
0.709
0.708
0.710
0.707
0.710
0.709
0.711
0.708
0.706
0.706
0.708
0.711
0.715
0.716
0.721
0.717
0.716
0.717
0.714
0.713
0.702
0.698
0.696
0.701
0.709
0.703
0.707
0.707
0.703
0.704
0.709
0.714
0.714
0.714
0.716
0.717
0.717
0.720
0.721
0.716
0.725
0.725
0.723
0.722
0.720
0.717
0.720
0.719
0.724
0.723
0.718
0.722
0.727
0.725
0.726
0.731
0.731
0.726
0.725
0.725
0.725
0.725
0.729
0.725
0.726
0.731
0.734
0.736
0.733
0.728
0.726
0.729
0.735
0.733
0.735
0.736
0.740
0.738
0.736
0.734
0.733
0.732
0.735
0.738
0.735
0.740
0.736
0.738
0.738
0.733
0.732
0.737
0.737
0.737
0.736
0.734
0.727
0.737
0.737
0.739
0.730
0.728
0.720
0.721
0.720
0.720
0.723
0.719
0.719
0.722
0.726
0.728
0.726
0.719
0.714
0.720
0.721
0.720
0.718
0.721
0.719
0.722
0.725
0.725
0.722
0.720
0.720
0.721
0.724
0.724
0.725
0.722
0.723
0.723
0.723
0.720
0.722
0.725
0.721
0.721
0.722
0.725
0.721
0.721
0.692
0.693
0.691
0.689
0.688
0.697
0.697
0.698
0.700
0.699
0.702
0.699
0.699
0.698
0.698
0.698
0.700
0.697
0.698
0.696
0.693
0.663
0.662
0.666
0.675
0.674
0.688
0.700
0.700
0.705
0.697
0.705
0.706
0.711
0.711
0.710
0.709
0.714
0.722
0.722
0.717
0.712
0.713
0.713
0.714
0.713
0.713
0.713
0.714
0.712
0.709
0.714
0.712
0.711
0.706
0.716
0.714
0.715
0.715
0.714
0.715
0.718
0.717
0.704
0.715
0.718
0.723
0.721
0.719
0.711
0.711
0.711
0.713
0.712
0.711
0.710
0.710
0.710
0.707
0.695
0.684
0.690
0.701
0.707
0.712
0.714
0.695
0.722
0.732
0.724
0.719
0.715
0.713
0.713
0.714
0.714
0.714
0.714
0.711
0.713
0.711
0.711
0.709
0.709
0.707
0.706
0.704
0.709
0.706
0.690
0.688
0.678
0.657
0.660
0.659
0.663
0.684
0.683
0.682
0.688
0.652
0.645
0.638
0.648
0.665
0.640
0.626
0.607
0.612
0.602
0.590
0.594
0.614
0.621
0.617
0.609
0.656
0.642
0.677
0.686
0.685
0.682
0.695
0.696
0.698
0.693
0.716
0.731
0.708
0.699
0.679
0.683
0.681
0.681
0.676
0.672
0.684
0.716
0.726
0.722
0.724
0.723
0.722
0.723
0.722
0.724
0.727
0.723
0.721
0.722
0.720
0.742
0.740
0.731
0.724
0.714
0.698
0.699
0.704
0.704
0.711
0.716
0.719
0.719
0.715
0.715
0.715
0.711
0.658
0.638
0.635
0.643
0.661
0.665
0.688
0.680
0.680
0.688
0.681
0.686
0.707
0.715
0.714
0.711
0.701
0.696
0.701
0.707
0.707
0.710
0.713
0.696
0.703
0.698
0.712
0.706
0.698
0.702
0.701
0.703
0.715
0.714
0.712
0.715
0.696
0.705
0.719
0.709
0.723
0.723
0.708
0.708
0.706
0.722
0.719
0.708
0.724
0.726
0.730
0.704
0.705
0.706
0.706
0.717
0.727
0.718
0.729
0.728
0.729
0.731
0.730
0.730
0.729
0.722
0.730
0.704
0.699
0.704
0.708
0.710
0.715
0.727
0.721
0.725
0.723
0.719
0.722
0.721
0.713
0.723
0.726
0.727
0.727
0.724
0.725
0.725
0.727
0.729
0.692
0.688
0.705
0.716
0.714
0.729
0.724
0.722
0.724
0.724
0.722
0.722
0.722
0.721
0.723
0.719
0.720
0.722
0.720
0.714
0.712
0.715
0.713
0.719
0.725
0.725
0.724
0.727
0.724
0.727
0.727
0.726
0.709
0.707
0.706
0.704
0.706
0.704
0.705
0.706
0.707
0.709
0.708
0.706
0.711
0.713
0.713
0.711
0.713
0.711
0.709
0.710
0.710
0.711
0.712
0.713
0.716
0.715
0.712
0.710
0.708
0.689
0.611
0.608
0.668
0.708
0.709
0.707
0.693
0.675
0.680
0.701
0.709
0.706
0.706
0.711
0.708
0.708
0.711
0.709
0.707
0.706
0.702
0.688
0.691
0.692
0.692
0.692
0.691
0.691
0.692
0.690
0.693
0.695
0.685
0.686
0.689
0.692
0.683
0.685
0.686
0.688
0.687
0.686
0.683
0.685
0.682
0.684
0.685
0.685
0.688
0.691
0.694
0.695
0.694
0.695
0.682
0.684
0.685
0.685
0.680
0.683
0.677
0.680
0.689
0.686
0.677
0.673
0.678
0.659
0.682
0.680
0.698
0.697
0.699
0.698
0.699
0.699
0.701
0.700
0.699
0.701
0.701
0.700
0.690
0.686
0.689
0.689
0.696
0.695
0.685
0.696
0.696
0.700
0.698
0.689
0.689
0.664
0.667
0.698
0.705
0.710
0.700
0.702
0.682
0.681
0.705
0.707
0.709
0.707
0.697
0.683
0.683
0.707
0.705
0.705
0.696
0.706
0.683
0.675
0.684
0.687
0.692
0.705
0.705
0.716
0.719
0.710
0.705
0.702
0.704
0.720
0.713
0.712
0.711
0.732
0.734
0.734
0.727
0.726
0.723
0.734
0.720
0.717
0.715
0.737
0.739
0.740
0.738
0.738
0.737
0.730
0.732
0.736
0.736
0.726
0.711
0.712
0.710
0.708
0.705
0.705
0.724
0.722
0.724
0.725
0.725
0.728
0.706
0.706
0.708
0.706
0.707
0.711
0.727
0.719
0.736
0.720
0.717
0.727
0.705
0.706
0.703
0.691
0.689
0.689
0.720
0.723
0.727
0.729
0.729
0.702
0.678
0.676
0.662
0.682
0.707
0.747
0.744
0.743
0.745
0.751
0.749
0.746
0.750
0.747
0.729
0.718
0.717
0.713
0.707
0.722
0.723
0.707
0.721
0.719
0.713
0.704
0.705
0.706
0.707
0.697
0.701
0.697
0.696
0.684
0.679
0.681
0.674
0.668
0.677
0.669
0.682
0.688
0.689
0.689
0.695
0.699
0.700
0.700
0.700
0.696
0.689
0.681
0.684
0.683
0.682
0.687
0.685
0.686
0.691
0.694
0.683
0.681
0.681
0.675
0.680
0.677
0.681
0.670
0.675
0.671
0.675
0.690
0.682
0.671
0.665
0.661
0.646
0.650
0.645
0.661
0.670
0.661
0.663
0.666
0.667
0.649
0.657
0.660
0.651
0.655
0.655
0.653
0.638
0.648
0.650
0.656
0.658
0.655
0.657
0.657
0.657
0.666
0.684
0.674
0.675
0.679
0.678
0.669
0.672
0.679
0.673
0.670
0.668
0.667
0.664
0.663
0.658
0.651
0.647
0.649
0.644
0.646
0.655
0.652
0.648
0.645
0.651
0.648
0.680
0.689
0.681
0.648
0.647
0.676
0.681
0.690
0.682
0.659
0.649
0.647
0.647
0.650
0.652
0.653
0.651
0.652
0.656
0.657
0.655
0.656
0.656
0.657
0.657
0.661
0.688
0.421
0.422
0.421
0.421
0.420
0.426
0.429
0.428
0.425
0.418
0.430
0.417
0.419
0.421
0.421
0.422
0.422
0.423
0.425
0.425
0.427
0.426
0.426
0.427
0.425
0.425
0.426
0.425
0.426
0.419
0.415
0.413
0.422
0.422
0.422
0.425
0.422
0.418
0.416
0.419
0.418
0.418
0.407
0.387
0.404
0.659
0.663
0.654
0.653
0.638
0.537
0.550
0.572
0.578
0.576
0.580
0.567
0.557
0.618
0.618
0.611
0.613
0.611
0.614
0.610
0.615
0.423
0.393
0.398
0.370
0.356
0.503
0.422
0.423
0.424
0.422
0.422
0.419
0.420
0.417
0.420
0.422
0.421
0.421
0.423
0.419
0.424
0.420
0.419
0.420
0.418
0.425
0.420
0.423
0.421
0.424
0.424
0.424
0.423
0.425
0.423
0.423
0.420
0.419
0.420
0.417
0.419
0.420
0.419
0.418
0.418
0.421
0.418
0.416
0.419
0.416
0.416
0.418
0.419
0.421
0.420
0.419
0.419
0.421
0.418
0.420
0.419
0.419
0.419
0.417
0.419
0.421
0.536
0.410
0.414
0.409
0.410
0.413
0.420
0.420
0.421
0.422
0.418
0.419
0.417
0.418
0.418
0.419
0.413
0.422
0.420
0.417
0.420
0.417
0.417
0.417
0.422
0.306
0.293
0.360
0.363
0.417
0.418
0.423
0.421
0.564
0.534
0.484
0.523
0.562
0.554
0.513
0.539
0.543
0.459
0.429
0.424
0.512
0.532
0.536
0.427
0.434
0.564
0.445
0.481
0.485
0.477
0.514
0.419
0.420
0.419
0.421
0.479
0.420
0.420
0.473
0.495
0.497
0.482
0.398
0.288
0.306
0.353
0.373
0.377
0.397
0.410
0.396
0.393
0.386
0.392
0.393
0.393
0.395
0.397
0.403
0.425
0.445
0.457
0.469
0.414
0.413
0.414
0.413
0.415
0.415
0.416
0.416
0.416
0.417
0.416
0.415
0.415
0.660
0.689
0.688
0.687
0.670
0.671
0.648
0.645
0.610
0.521
0.599
0.536
0.418
0.419
0.416
0.416
0.421
0.420
0.417
0.420
0.417
0.417
0.418
0.419
0.418
0.418
0.418
0.417
0.420
0.420
0.420
0.415
0.420
0.417
0.420
0.417
0.424
0.422
0.420
0.422
0.418
0.418
0.420
0.418
0.419
0.418
0.418
0.419
0.418
0.418
0.417
0.418
0.403
0.415
0.417
0.415
0.417
0.406
0.391
0.379
0.413
0.417
0.416
0.414
0.406
0.411
0.409
0.409
0.409
0.409
0.412
0.411
0.409
0.414
0.409
0.410
0.409
0.409
0.410
0.410
0.411
0.412
0.413
0.413
0.413
0.414
0.413
0.415
0.414
0.412
0.413
0.449
0.417
0.418
0.415
0.418
0.414
0.415
0.415
0.417
0.414
0.413
0.414
0.416
0.416
0.416
0.417
0.417
0.416
0.365
0.386
0.408
0.409
0.405
0.415
0.414
0.416
0.409
0.409
0.413
0.409
0.411
0.412
0.406
0.408
0.409
0.410
0.412
0.410
0.410
0.413
0.413
0.414
0.416
0.416
0.413
0.415
0.416
0.417
0.416
0.415
0.417
0.477
0.576
0.576
0.589
0.580
0.593
0.651
0.466
0.662
0.660
0.642
0.655
0.653
0.612
0.558
0.528
0.430
0.392
0.400
0.408
0.410
0.408
0.408
0.411
0.597
0.577
0.412
0.440
0.450
0.419
0.418
0.403
0.357
0.344
0.344
0.343
0.344
0.340
0.348
0.050
0.052
0.051
0.053
0.054
0.051
0.054
0.055
0.055
0.055
0.055
0.055
0.055
0.052
0.048
0.048
0.047
0.046
0.047
0.053
0.055
0.058
0.051
0.050
0.055
0.060
-0.000
0.028
0.048
0.060
0.072
0.086
0.116
0.133
0.183
0.290
0.291
0.305
0.324
0.351
0.406
0.387
0.403
0.406
0.407
0.408
0.408
0.406
0.409
0.408
0.408
0.409
0.408
0.345
0.314
0.351
0.397
0.407
0.409
0.408
0.407
0.407
0.410
0.408
0.480
0.586
0.411
0.407
0.409
0.411
0.411
0.412
0.413
0.408
0.407
0.410
0.408
0.409
0.407
0.408
0.407
0.407
0.417
0.412
0.415
0.455
0.551
0.486
0.419
0.411
0.406
0.409
0.440
0.450
0.401
0.409
0.513
0.534
0.537
0.536
0.421
0.413
0.412
0.542
0.414
0.413
0.560
0.421
0.420
0.440
0.413
0.529
0.524
0.513
0.562
0.537
0.558
0.558
0.550
0.549
0.533
0.521
0.527
0.512
0.577
0.603
0.600
0.593
0.562
0.535
0.535
0.508
0.495
0.440
0.396
0.400
0.401
0.416
0.413
0.415
0.415
0.416
0.417
0.416
0.413
0.414
0.414
0.413
0.419
0.445
0.401
0.406
0.406
0.404
0.405
0.410
0.408
0.409
0.405
0.408
0.407
0.411
0.409
0.411
0.412
0.413
0.302
0.320
0.288
0.311
0.332
0.349
0.362
0.391
0.407
0.409
0.408
0.407
0.408
0.407
0.407
0.404
0.409
0.407
0.404
0.406
0.406
0.404
0.405
0.407
0.409
0.408
0.407
0.407
0.409
0.410
0.409
0.409
0.411
0.413
0.409
0.409
0.410
0.410
0.413
0.410
0.409
0.409
0.409
0.409
0.410
0.412
0.414
0.415
0.412
0.413
0.410
0.411
0.412
0.413
0.412
0.409
0.412
0.411
0.409
0.410
0.408
0.406
0.408
0.407
0.407
0.408
0.407
0.407
0.408
0.409
0.410
0.409
0.408
0.407
0.411
0.412
0.417
0.421
0.417
0.416
0.419
0.419
0.418
0.417
0.417
0.417
0.418
0.424
0.424
0.421
0.420
0.421
0.419
0.419
0.421
0.424
0.424
0.448
0.457
0.479
0.521
0.565
0.578
0.582
0.576
0.580
0.564
0.546
0.570
0.561
0.576
0.613
0.619
0.619
0.618
0.620
0.609
0.591
0.591
0.608
0.614
0.604
0.613
0.604
0.587
0.582
0.625
0.628
0.542
0.573
0.618
0.615
0.636
0.676
0.674
0.670
0.652
0.644
0.645
0.625
0.621
0.620
0.618
0.625
0.611
0.610
0.606
0.596
0.595
0.619
0.559
0.545
0.550
0.592
0.602
0.599
0.607
0.604
0.609
0.612
0.606
0.594
0.583
0.588
0.613
0.607
0.626
0.609
0.605
0.618
0.609
0.620
0.633
0.637
0.636
0.639
0.638
0.633
0.639
0.627
0.624
0.624
0.632
0.633
0.634
0.643
0.640
0.644
0.636
0.638
0.640
0.638
0.641
0.641
0.643
0.708
0.707
0.704
0.703
0.702
0.696
0.699
0.699
0.697
0.696
0.696
0.695
0.695
0.702
0.701
0.699
0.700
0.700
0.700
0.702
0.693
0.701
0.704
0.704
0.702
0.702
0.704
0.688
0.686
0.697
0.669
0.680
0.681
0.681
0.681
0.684
0.687
0.687
0.686
0.686
0.688
0.687
0.688
0.690
0.686
0.686
0.688
0.688
0.688
0.685
0.680
0.683
0.674
0.679
0.673
0.678
0.680
0.675
0.677
0.673
0.676
0.677
0.679
0.685
0.682
0.684
0.682
0.682
0.666
0.659
0.660
0.659
0.664
0.664
0.665
0.668
0.670
0.669
0.678
0.689
0.673
0.676
0.691
0.690
0.688
0.692
0.690
0.642
0.641
0.670
0.683
0.678
0.679
0.684
0.681
0.681
0.682
0.683
0.682
0.682
0.685
0.688
0.685
0.685
0.686
0.682
0.679
0.689
0.674
0.651
0.654
0.647
0.656
0.659
0.663
0.651
0.656
0.660
0.655
0.656
0.706
0.701
0.681
0.696
0.711
0.703
0.705
0.709
0.708
0.690
0.676
0.673
0.701
0.706
0.708
0.687
0.691
0.719
0.702
0.705
0.705
0.710
0.713
0.709
0.709
0.671
0.642
0.669
0.698
0.707
0.681
0.684
0.684
0.680
0.668
0.656
0.660
0.677
0.665
0.663
0.657
0.661
0.657
0.659
0.665
0.663
0.667
0.669
0.671
0.673
0.673
0.654
0.650
0.649
0.644
0.642
0.645
0.647
0.656
0.655
0.658
0.659
0.665
0.668
0.663
0.665
0.667
0.673
0.672
0.680
0.679
0.681
0.685
0.690
0.700
0.691
0.688
0.692
0.695
0.692
0.676
0.683
0.681
0.673
0.681
0.655
0.652
0.671
0.678
0.676
0.673
0.673
0.660
0.673
0.665
0.673
0.684
0.686
0.689
0.678
0.680
0.674
0.674
0.672
0.678
0.685
0.668
0.680
0.669
0.668
0.678
0.678
0.681
0.664
0.671
0.682
0.665
0.664
0.663
0.685
0.691
0.686
0.684
0.679
0.673
0.668
0.666
0.667
0.665
0.663
0.662
0.654
0.660
0.654
0.657
0.685
0.687
0.681
0.680
0.678
0.673
0.658
0.644
0.648
0.656
0.658
0.641
0.639
0.640
0.650
0.653
0.651
0.649
0.652
0.655
0.651
0.648
0.648
0.651
0.644
0.650
0.655
0.655
0.674
0.674
0.672
0.674
0.674
0.674
0.669
0.672
0.673
0.672
0.673
0.675
0.676
0.672
0.677
0.672
0.675
0.672
0.671
0.659
0.661
0.658
0.670
0.676
0.675
0.670
0.669
0.664
0.650
0.653
0.659
0.652
0.654
0.655
0.665
0.670
0.662
0.632
0.649
0.637
0.629
0.611
0.629
0.625
0.634
0.649
0.640
0.652
0.686
0.685
0.688
0.690
0.678
0.676
0.568
0.659
0.678
0.694
0.676
0.644
0.597
0.567
0.577
0.446
0.428
0.467
0.485
0.476
0.528
0.519
0.602
0.676
0.677
0.673
0.667
0.659
0.657
0.676
0.687
0.689
0.693
0.694
0.694
0.694
0.693
0.692
0.689
0.691
0.684
0.659
0.680
0.681
0.676
0.628
0.628
0.624
0.634
0.628
0.629
0.643
0.634
0.624
0.621
0.614
0.614
0.624
0.647
0.659
0.660
0.669
0.691
0.684
0.662
0.655
0.665
0.666
0.675
0.678
0.669
0.674
0.612
0.592
0.649
0.649
0.657
0.667
0.668
0.671
0.667
0.680
0.684
0.683
0.682
0.681
0.677
0.678
0.679
0.672
0.676
0.689
0.687
0.691
0.698
0.693
0.693
0.697
0.691
0.691
0.682
0.682
0.687
0.688
0.690
0.661
0.631
0.630
0.628
0.676
0.677
0.689
0.672
0.627
0.648
0.652
0.659
0.680
0.669
0.675
0.676
0.671
0.670
0.685
0.672
0.668
0.634
0.621
0.632
0.647
0.658
0.662
0.653
0.657
0.669
0.658
0.649
0.650
0.635
0.636
0.638
0.657
0.660
0.665
0.673
0.680
0.680
0.683
0.673
0.685
0.668
0.657
0.660
0.659
0.653
0.620
0.641
0.662
0.675
0.683
0.685
0.688
0.684
0.701
0.700
0.703
0.700
0.696
0.698
0.689
0.685
0.682
0.667
0.665
0.658
0.695
0.696
0.694
0.694
0.697
0.699
0.693
0.682
0.674
0.675
0.684
0.678
0.686
0.683
0.678
0.634
0.636
0.639
0.666
0.666
0.655
0.644
0.649
0.490
0.531
0.553
0.577
0.627
0.574
0.470
0.474
0.399
0.440
0.462
0.446
0.450
0.450
0.571
0.557
0.597
0.605
0.615
0.623
0.649
0.651
0.626
0.652
0.643
0.637
0.665
0.666
0.665
0.668
0.656
0.653
0.609
0.621
0.632
0.636
0.645
0.649
0.656
0.679
0.677
0.676
0.671
0.662
0.661
0.662
0.652
0.650
0.652
0.644
0.637
0.642
0.647
0.648
0.654
0.658
0.657
0.658
0.659
0.656
0.658
0.659
0.660
0.657
0.661
0.662
0.664
0.664
0.655
0.657
0.657
0.644
0.639
0.643
0.636
0.634
0.631
0.632
0.638
0.648
0.652
0.659
0.651
0.662
0.665
0.677
0.676
0.678
0.668
0.673
0.673
0.673
0.676
0.679
0.676
0.675
0.676
0.670
0.675
0.675
0.672
0.674
0.670
0.674
0.669
0.671
0.679
0.684
0.687
0.691
0.681
0.684
0.691
0.689
0.689
0.689
0.687
0.685
0.684
0.687
0.687
0.686
0.683
0.680
0.680
0.683
0.687
0.680
0.684
0.647
0.631
0.650
0.679
0.682
0.660
0.653
0.638
0.650
0.669
0.676
0.671
0.672
0.677
0.679
0.677
0.677
0.678
0.677
0.678
0.682
0.681
0.684
0.683
0.678
0.682
0.680
